14
12457.38652927808 6769.334270354965 12457.083927379681 6769.616625730733
5096.601939036808 8435.570645927244 5096.9080707324365 8435.859642384983
11338.09558637539 8537.67681714157 11338.395343991546 8538.10650957934
4295.901258064758 6492.1457822073535 4295.623773450459 6492.558754422667
11733.516307281865 4489.665575809732 11733.497296213005 4490.084473670758
7399.101894588344 7434.365337605133 7399.404662736763 7434.061302273627
11348.608025224079 8012.935695655026 11348.915923160212 8013.226574584779
9870.4777282164 7096.003990248622 9870.4764427919 7096.4232952076645
8782.986552452227 8114.015429132878 8782.98728509793 8114.399759988123
10776.514585828429 4468.514283760908 10776.511741705703 4468.8994064933195
3279.4922821577015 3903.839927390147 3279.4845704300315 3904.2265872401645
9575.885106485819 10794.543850642232 9575.623162398695 10794.999389770926
9677.00591648812 7542.03263661919 9677.007707670147 7542.428343470836
1604.6026237726408 2522.338420038603 1604.9069796606939 2522.6457062687364
6511.396288375458 8897.076809803993 6511.099053392897 8897.545674152498
4294.9925727898535 3891.274579269591 4294.9849377045875 3891.6705714828026
7387.391558217257 12451.269691040901 7387.112650265045 12450.937220514506
14395.390745259549 55.91150965136275 14395.09621099455 56.19186557150397
11998.091011080924 29.841888047190412 11998.38095112238 29.565038145026577
11405.58673131171 23.80737470285093 11405.891673700096 24.20870978811498
11541.498555175503 4795.864277197889 11541.498965753293 4796.240205632507
2188.0785398706844 3301.695898514928 2188.423150665369 3302.116968787049
2408.5960326608165 3558.8797975630123 2408.9174928495604 3558.5803773215353
14035.388776987298 3797.933388045593 14035.10642219704 3798.3722308578135
3173.8987110007483 5025.09802418407 3173.58184312398 5025.527957833544
11572.122134807365 4663.081001129913 11572.396209543685 4662.798702249837
8936.902344409513 11097.672478422266 8936.601539695592 11098.096121211003
7199.899211404396 10695.81670432641 7199.607117002442 10695.505471183747
9835.400404421398 9790.009944990026 9835.087603533679 9789.585306185178
9226.398907831903 8813.14265175848 9226.107145955255 8812.669083481806
3643.3973062954014 5827.878688045052 3643.123806438101 5827.568188960653
13692.49455422287 1972.596488893835 13692.520677691002 1972.9914474101622
10709.923440139895 2247.8148725089945 10709.614719211808 2248.0974775799714
14159.701378509844 125.1517343625164 14159.899153858689 124.70792211335817
14135.016694932678 2972.8859763958 14134.99842225827 2973.2674932436585
3128.611482539209 5155.844855365847 3128.8786302250837 5155.557260101788
11274.522988803841 8646.21242796399 11274.513709818622 8646.58283788842
5330.90882051339 9167.369507925687 5330.620161857382 9166.883230841942
4727.6015451584635 207.39560167128812 4727.887743845014 207.05900869680553
5661.510129466312 8909.448285880831 5661.507972748376 8909.872154596938
9418.094642753815 972.0956643537394 9418.41904157704 972.539145594947
3440.607842858599 555.5126730998289 3440.9206036245037 555.2254654056791
3994.1230862788066 140.67220853500638 3994.3849612293934 141.14084905146336
15569.909884511182 1386.0622740360766 15569.585907477529 1385.7546329296372
11132.888366158948 8592.289995491068 11132.581437664592 8591.86256612424
12243.476205527973 6213.083003150044 12243.523719125964 6213.441280785103
7178.907482302958 8772.453959552113 7178.613476101267 8771.964946888647
4476.487962181313 6321.7676077377755 4476.52226467283 6322.2032889564825
15437.712682639703 904.6075987206524 15437.897104098281 904.129053941013
5655.507464985555 9765.49221225386 5655.510557340399 9765.890372195712
7020.49330613258 138.74704640204095 7020.510284409128 139.1774472047775
11444.923241551502 4663.081425502193 11444.588962249709 4663.535286345664
3211.421820382184 4559.198796318252 3211.111283512515 4559.524807590985
9058.087687682251 1444.934010413713 9058.421275046634 1445.3772769081486
10582.988710911295 7577.067548763198 10582.97665941408 7577.469248463101
1266.505428375063 235.7467164236464 1266.4916746864762 236.1564670321943
7971.497724254627 13302.372447542208 7971.487269955213 13302.728811109011
155.589424739328 5.637372024754177 155.87906252562652 5.9741219193459045
4277.912107438737 6762.30642435063 4277.603308350795 6762.778221729756
7469.912452642737 7609.31047165444 7469.575027447781 7609.018146619912
5341.4158463483445 281.84368064051876 5341.078551019178 282.2875537982271
9436.122408558474 1150.503869755822 9436.393075891243 1150.9161584064884
14268.499814745812 104.11896445670448 14268.508865344273 104.52347051861624
9781.087188313142 2274.5583194465025 9781.41908821567 2275.0428086457227
5339.018440835976 4712.257705361327 5339.021089334449 4712.638212853361
7048.975012181815 10808.687203046065 7048.992117070273 10809.049232770793
4806.496621630471 8074.60772987973 4806.520085091756 8075.007955825133
12961.418068279983 5875.565402362453 12961.121693829318 5875.887367479588
11482.111716005275 3798.7658969569675 11482.424913646078 3798.4648150456733
12141.49540482938 3578.2412151938593 12141.481476293731 3578.633540014405
3272.9104801786125 5654.753388270212 3272.619416369518 5654.274498201731
10918.09696646449 1145.2966843646213 10918.418231864127 1145.0056299118764
7069.4036357376235 7126.936496102109 7069.089160414169 7126.603828305597
4858.096542089337 1302.9017942035166 4858.40133827771 1303.329137593796
5108.71064796163 5300.526291351806 5108.890761316097 5300.066867381205
9058.091830241632 11573.963444111936 9058.417888408378 11574.389685427219
10507.407414713602 449.09120678656086 10507.092490059838 448.6253529715226
7579.124646834889 12557.753249531395 7579.39645210735 12558.230926190728
14069.879503843156 346.8142523156037 14069.607165905394 347.26357309895576
2353.3809702465933 1844.1746388780464 2353.083078639061 1844.6214144330222
11129.701816027018 1526.3812027046008 11129.921397700005 1525.9640921741218
5772.506667010081 1953.5726985755077 5772.483376173537 1953.9457767192007
6490.991982998937 9343.748403283076 6491.024939009465 9344.13667153898
13182.500650941858 5072.982254037667 13182.496794388424 5073.370265540709
3822.5132368751797 -0.18732126734122875 3822.492346413331 0.2216881438749016
3370.3883390093915 3578.890538258158 3370.1235333074105 3578.456055697426
9282.493109981422 8426.207669845204 9282.477261851715 8426.649840273358
8871.50767412258 8015.726741434416 8871.50093297987 8016.149972584607
10661.616257426567 3606.586114332133 10661.89987176916 3606.891822705229
2793.4909404491586 479.96519223686624 2793.477547643404 480.35594750410854
12493.423454341106 6293.016398096883 12493.09672665697 6293.28225415458
2837.6040089162666 3.009420952831789 2837.897314176806 2.7121843438163875
6289.088829940071 7338.277387698975 6289.381839576934 7338.624233514256
1406.9015837120392 1886.5866431136174 1406.5788834986934 1887.0703221836688
5852.904491545762 31.572223627937834 5852.590432717056 32.05062995261289
8142.5111956125575 10662.685100170302 8142.482047164396 10663.090891711961
6505.405599640449 7656.923844168501 6505.084884495545 7657.4045434398295
765.5189817281556 223.63100829906105 765.5226679526515 224.05567792326838
6705.490822615496 8868.298390924896 6705.493270065013 8868.697207770083
10879.418237009415 443.84695253563325 10879.083177073424 444.1848539120992
